0 0.4261447055893973 0.4184606744294153 0.5813880685763778 0.5525208299885477 25.0
1 0.4086572204399114 0.3831481612898847 0.6539729404878565 0.5084448404617482 22.0
2 0.5687715520904686 0.4241992233236212 0.5838511221118435 0.519101152619891 22.0
3 0.44666975809235593 0.45778935679504495 0.5827108374441793 0.501361258910178 21.0
4 0.4269121231733301 0.39727705186701456 0.625758406988896 0.5180187247872532 20.0
5 0.6138984992362704 0.42674644385772104 0.6015846926274401 0.5254999353629976 20.0
6 0.4340220594579703 0.4164418742126853 0.6061961227578547 0.5203145952781182 19.0
7 0.5659022623750442 0.2712988307583928 0.5403996016496079 0.4887995960029073 19.0
8 0.49336382140371476 0.33945998041645226 0.6161236344948823 0.5116158015956914 19.0
9 0.407729951959305 0.41297360209842354 0.5910792706484423 0.5602092341748941 18.0
10 0.6357859750364274 0.42348431238102213 0.5895353108302757 0.5230126295180881 18.0
11 0.5118268715836306 0.4160815040037702 0.5434586032926412 0.5191937808353312 18.0
12 0.44871155189678236 0.4451202036642319 0.532280132857418 0.5632084939430364 18.0
13 0.49781834940671005 0.3991085138553563 0.5742734989660655 0.5129319970009866 17.0
14 0.4051560431356472 0.3864450459424653 0.5860835775959357 0.5856746940491286 17.0
15 0.40181968236432314 0.3921738300777717 0.453887816958052 0.510183033593796 17.0
16 0.501553907641488 0.4072265538603099 0.5721018739685564 0.37870142069816204 17.0
17 0.441847536538039 0.37172632550797385 0.596430524547418 0.521592345874885 16.0
18 0.41608339202767314 0.4274505338437135 0.5979392131748515 0.5353777632133311 16.0
19 0.44659528091182443 0.4243724050770801 0.5701225324528922 0.5435264619739172 16.0
20 0.44797593659142765 0.4523093867778956 0.5598898277491916 0.5303368360302889 16.0
21 0.4705288415133459 0.39433557733394586 0.5927057727173792 0.5213462656817508 16.0
22 0.4123730971421542 0.42912425159634104 0.5869270744223632 0.44591093014722843 15.0
23 0.4275644821828248 0.3970943900133517 0.632873187967369 0.5088970298082671 15.0
24 0.40815009904207133 0.48637213555740155 0.6113027553643314 0.5574717243780993 15.0
25 0.554870527119596 0.3865237819919954 0.5955382315053701 0.5760426354608056 15.0
26 0.4769466195342666 0.40551088558584897 0.5666452951304405 0.5357200325662199 15.0
27 0.43557867412040907 0.39911575362661433 0.601414762504709 0.5378458118271172 15.0
28 0.45258868480435743 0.41697830026758054 0.5827686992543767 0.530728954045644 15.0
29 0.47308484616745655 0.4232381501419081 0.5532867281995829 0.5393829743228559 15.0
30 0.479168045654044 0.38165687009514576 0.47835876810946243 0.5220052544524415 15.0
31 0.5226521255630314 0.3704939910334663 0.5652149895069257 0.5197123953584566 15.0
32 0.42713010315078564 0.30613072479948145 0.6117580634740438 0.5215580343153754 15.0
33 0.49589490041999523 0.42914118156985964 0.5681195478949868 0.49715819747628 14.0
34 0.4742969466056575 0.3628805446958399 0.6040889058294613 0.527671024953583 14.0
35 0.5059279878959165 0.3287318412880556 0.5907707130310444 0.5356885403028006 14.0
36 0.39016453341444973 0.3843445175922155 0.6189979909576652 0.5629319815507611 14.0
37 0.5015296106710839 0.38827885203992274 0.5629016175740822 0.5299522163470518 14.0
38 0.45193883245530425 0.3805409022135243 0.6021787479874069 0.5369549971215207 14.0
39 0.4281174471930152 0.485867736122922 0.5612823614621345 0.5153737528388617 14.0
40 0.4697485657135291 0.4243759214132321 0.5958238048689763 0.49420173602103895 14.0
41 0.45651316406069914 0.41335574666789626 0.5961547798391112 0.515104102304472 14.0
42 0.42855189493962137 0.4293786847552526 0.5621140485405229 0.5621432333977628 14.0
43 0.46750130237023774 0.39170560799949855 0.7894745455014154 0.5288200110023334 14.0
44 0.43107830812894404 0.5318756736812691 0.5688486731574466 0.5465013986477208 14.0
45 0.41265705378521733 0.3736577515136163 0.5664751131156521 0.6076182904716593 14.0
46 0.4540154776747525 0.30842597281626627 0.5827328738897908 0.5362904252299363 14.0
47 0.4760406221693034 0.4136999933919388 0.5675657638756022 0.5292511173237867 14.0
48 0.4282884487336875 0.483965961506263 0.5212364925639303 0.5573674475642273 13.0
49 0.44341562042186405 0.5593184038168721 0.5533027355305743 0.5889855098463115 13.0
50 0.47352422573975594 0.4164021614130159 0.6074135024497946 0.529323218039716 13.0
51 0.5107078058714293 0.5856500457490472 0.5680331283579119 0.5056508026313987 13.0
52 0.4297781322029933 0.40171924713515844 0.6109011663781931 0.5298227708196687 13.0
53 0.43759886731813497 0.4044953212661127 0.5922730494233128 0.46468105335105003 13.0
54 0.5792676348245426 0.38583857721019615 0.5371284340310262 0.4765193017460778 13.0
55 0.408048305640446 0.3906276465748658 0.6236757054802917 0.5403103149015418 13.0
56 0.43668023488987945 0.38809148286427186 0.6392773843347932 0.5000197988708002 13.0
57 0.44835116808049963 0.38946926516878433 0.586768079451641 0.550452670541593 13.0
58 0.35970330695141056 0.44293535387975463 0.6147474170432577 0.5445249457006341 13.0
59 0.4763361193510174 0.41495421846573427 0.5675681333653798 0.5279993484534269 13.0
60 0.4610021437610458 0.418608512241253 0.6040547839399523 0.49735475761888737 13.0
61 0.43679237000560733 0.19802146825937217 0.5984342318718556 0.5579495971330786 13.0
62 0.41534891823454756 0.4084353876340043 0.6328026349588377 0.5101241372830772 13.0
63 0.45407470061060723 0.47618023521956643 0.523048660771406 0.5386796813055895 13.0
64 0.4739738105407884 0.40438245188716404 0.5789606906334358 0.5246788780774833 13.0
65 0.4637130156986712 0.4130123920603555 0.5903103894507364 0.5156788217318478 12.0
66 0.5094619962320791 0.36011828600591433 0.5661852041356434 0.5386999249092831 12.0
67 0.39016453341444973 0.3843445175922155 0.6189979909576652 0.5629319815507611 12.0
68 0.49336382140371476 0.33945998041645226 0.6161236344948823 0.5116158015956914 12.0
69 0.4926238328326884 0.409221443980143 0.5781249884678739 0.5593486053775352 12.0
70 0.43237981192646396 0.43714812991876995 0.5711398664295573 0.5438276047809502 12.0
71 0.438001532146731 0.39110026333568193 0.6268319031487845 0.512129873226264 12.0
72 0.40865722043991143 0.38314816128988477 0.6539729404878565 0.5084448404617482 12.0
73 0.5313827490725636 0.3572646344861369 0.5434896193360019 0.7235171418760715 12.0
74 0.43215718070207126 0.3994314107737178 0.6031895982599625 0.44072284215916496 12.0
75 0.44341562042186405 0.38773024077489404 0.5533027355305743 0.5889855098463115 12.0
76 0.38881562089034005 0.43750517141166606 0.6059237868856032 0.5571288789253774 12.0
77 0.44594255356961765 0.41260700512838006 0.6011271669339171 0.5191693629335231 12.0
78 0.425860527840147 0.4215130082305377 0.6024767128235964 0.5272489025360108 12.0
79 0.40328434686575165 0.38714236225668813 0.5917562959665142 0.5807813815054393 12.0
80 0.4359327012449464 0.3811082095613533 0.6053225281772578 0.5461719962349926 12.0
81 0.4789451220514928 0.40347055569326046 0.5849268840066345 0.5154450709027505 12.0
82 0.4254693571918772 0.4254631009887092 0.5891786717776188 0.5392823643604185 12.0
83 0.4776368639889493 0.34908318946843764 0.6028959560018827 0.5352760215308741 12.0
84 0.43906291906974776 0.4157033174227278 0.5883458269068534 0.5388995728269138 12.0
85 0.41482730768449516 0.3943830788890805 0.643684343639215 0.5079869660128647 12.0
86 0.5093683353269978 0.4261851483889647 0.5863210527030009 0.537484182301829 12.0
87 0.6059411917343396 0.35253325129475643 0.58774057682543 0.5172680695043913 12.0
88 0.4384079112557653 0.40078341749325647 0.5656838658785127 0.5190187729940546 12.0
89 0.5061565570342641 0.40754041617478703 0.5595677690556875 0.514393099476793 12.0
90 0.42161299967798327 0.39904759965712633 0.6221783099547761 0.5252595951834075 12.0
91 0.43749966515048694 0.408477584053827 0.7568333261100334 0.5301794821398016 11.0
92 0.3995535751290776 0.3818941077707962 0.6279961415711819 0.5478454866321598 11.0
93 0.4286563210419905 0.41323044925213187 0.5938646559698182 0.5229305747760294 11.0
94 0.4407492266861414 0.3853061100014713 0.6160668993653713 0.5270112866698776 11.0
95 0.4812473563821354 0.3992235849553646 0.5760969886644423 0.5264349635447424 11.0
96 0.48404388674638793 0.3967521823208801 0.5690611684195275 0.5333466116176904 11.0
97 0.49561353442861755 0.34663682567554654 0.608875340788276 0.5133039596152702 11.0
98 0.42855189493962137 0.4293786847552526 0.5621140485405229 0.6223697001395074 11.0
99 0.5497433885955489 0.3962106677699534 0.5516387980888617 0.48630643619414166 11.0
100 0.4758390690128989 0.41074698827231293 0.5936994222401512 0.5023794263879371 11.0
101 0.5303093684062541 0.3227634807094096 0.5816745201053143 0.5255953405055631 11.0
102 0.43557867412040907 0.39911575362661433 0.601414762504709 0.5378458118271172 11.0
103 0.40194685951912834 0.37803786033907694 0.677548901107974 0.4862649328096149 11.0
104 0.4634723912831004 0.40272990062801944 0.5834383869866661 0.5316028764490156 11.0
105 0.40815009904207133 0.3859374488888481 0.6113027553643314 0.6325539731653788 11.0
106 0.3892428243277595 0.38773024077489404 0.5533027355305743 0.5889855098463115 11.0
107 0.3106724234276361 0.3783022736889209 0.5942961049912164 0.5425204112926677 11.0
108 0.4289983140155882 0.4071855459793056 0.6276444381827039 0.6192582699027945 11.0
109 0.4360964008263022 0.24493705842600866 0.5650931770404017 0.5832856330337234 11.0
110 0.43330683705659706 0.40585951357867883 0.6023481385406009 0.5335728255771266 11.0
111 0.4240673863722871 0.42674644385772104 0.6015846926274401 0.4521129540988107 11.0
112 0.3908901469220205 0.3790505305331205 0.6846660192159791 0.484518348953665 11.0
113 0.48277600665463644 0.39159813454449577 0.5726668323806036 0.5344445036774532 11.0
114 0.43349960922697484 0.40791689077589277 0.5922190885218898 0.5431007735311106 11.0
115 0.44226786534655843 0.41673002489880423 0.5959341297506856 0.5249740323367753 11.0
116 0.4315394010895573 0.417208501624732 0.598938511476191 0.5300787403301481 11.0
117 0.3868373593826936 0.37517891744394266 0.621537311115823 0.5685850931763234 11.0
118 0.4181292136614937 0.4056968419901633 0.582363952282655 0.5669481988363266 11.0
119 0.4238591982538131 0.4027107695153796 0.5742484128543667 0.57306734028926 11.0
120 0.530990021725463 0.38558235351122244 0.5549901962286892 0.5112354913137196 11.0
121 0.3864112563064297 0.3720342807256226 0.5656055692878575 0.626392189411086 11.0
122 0.43114814438318855 0.40769089275466114 0.5929129910970762 0.5443836868865186 11.0
123 0.40194685951912834 0.37803786033907694 0.677548901107974 0.4862649328096149 11.0
124 0.43772890937858966 0.39264021512019753 0.6070850457476228 0.5344855569556601 11.0
125 0.514264295448584 0.4550207402835046 0.543182797159301 0.48315712683227685 11.0
126 0.5376621451054457 0.39430738490220124 0.5786040615750974 0.5885780316133827 11.0
127 0.49930321251623255 0.34209476519278037 0.6138085375494509 0.5068595000886049 11.0
128 0.46438248187123704 0.4008063651787224 0.6998185538813055 0.5289537362082769 10.0
129 0.38068593689862656 0.41894710356721576 0.6764642458553461 0.4711238329140368 10.0
130 0.4298006128424969 0.38998227510818995 0.5676057928573627 0.5839596922874205 10.0
131 0.4179497488461422 0.40950207368982333 0.6364592227240466 0.5025392690056006 10.0
132 0.4267450267457493 0.41055779990644764 0.6026020243364663 0.534978294278693 10.0
133 0.44363681990153403 0.6019922547832048 0.5868967409107331 0.5332655946095817 10.0
134 0.4133019560075798 0.40336540879563887 0.6018029158943045 0.5516439889716449 10.0
135 0.45369468163234256 0.4119713914833054 0.5922482500632675 0.5231469380153475 10.0
136 0.42706846334808163 0.41282346645719253 0.6049718546852916 0.5302814047224493 10.0
137 0.47300571885417436 0.3998830696113146 0.5857843381270712 0.5227005163327346 10.0
138 0.5246446289267211 0.39913474594838266 0.5513014832975114 0.511376712834117 10.0
139 0.42843871929696536 0.4137729438286551 0.5885187622915413 0.6842360817219815 10.0
140 0.48680446865320975 0.3882864501615457 0.6046960651769149 0.49658605566383746 10.0
141 0.4458209732206462 0.41710367973836543 0.5831732433713502 0.5358891195023937 10.0
142 0.5552489516223967 0.208322410437357 0.5496610548586008 0.49553107569323884 10.0
143 0.5125774121614889 0.4242626243600096 0.423555469727199 0.4908822308204667 10.0
144 0.4467291615912242 0.42348431238102213 0.5895353108302757 0.4596623029133706 10.0
145 0.4444418652973735 0.4025924929031305 0.5996377207247674 0.5299295395739324 10.0
146 0.42488449279766866 0.4032306745902551 0.5894376007375975 0.5562746674856407 10.0
147 0.4189043467273856 0.4028830651409789 0.5969059596369841 0.5530891966630364 10.0
148 0.4051030275145202 0.3865237819919954 0.5955382315053701 0.5760426354608056 10.0
149 0.42912501046364676 0.3888364348668483 0.611196006152592 0.5395344237189458 10.0
150 0.45479348304337447 0.380456905920621 0.6067403413162766 0.5294162716974157 10.0
151 0.5978973583515599 0.4044184347128032 0.5377148923300777 0.5170389771599944 10.0
152 0.45172981372192256 0.3977475325983347 0.5960011678707616 0.5315258070906642 10.0
153 0.41336639684843546 0.4271227247611553 0.5979246041444425 0.5377551187184183 10.0
154 0.42952238783568525 0.42741286534081085 0.556391365666111 0.5685573050285161 10.0
155 0.4690875936571814 0.40718660028231 0.5872308910945846 0.5189564361020197 10.0
156 0.44942867588683777 0.449669797376048 0.5979140689211029 0.5374878272603018 10.0
157 0.35408398979327427 0.38691477838616956 0.5123787148308516 0.525129568995888 10.0
158 0.42213270547436105 0.4014057949666549 0.6221811701246579 0.5230372436819347 10.0
159 0.4999939293900604 0.40078341749325647 0.5656838658785127 0.5190187729940546 10.0
160 0.49212078544965276 0.36029090377525275 0.575222737252102 0.5450930193402108 10.0
161 0.44641950829558524 0.38948748272492534 0.5685442636497691 0.7539368386136587 10.0
162 0.5576410614331361 0.3946576045031329 0.5459850231721393 0.48495584982892287 10.0
163 0.39776185568547257 0.3945961971700481 0.6258355295483384 0.5919537002429328 10.0
164 0.4240673863722871 0.42674644385772104 0.6015846926274401 0.5254999353629976 10.0
165 0.4297122247756198 0.42076622770347044 0.5967521959234381 0.5312155891567311 10.0
166 0.3864112563064297 0.3720342807256226 0.5656055692878575 0.626392189411086 10.0
167 0.4133019560075798 0.40336540879563887 0.6018029158943045 0.5516439889716449 10.0
168 0.5313827490725636 0.3572646344861369 0.4093670694730044 0.5427830032412398 10.0
169 0.42158442322806877 0.41600613002655684 0.5908577537481675 0.547807072524127 10.0
170 0.44534914795337427 0.4286272786782147 0.5852802228425129 0.4279114814840487 10.0
171 0.42907400898234965 0.43748901474254553 0.587088301918191 0.528985994659808 10.0
172 0.479168045654044 0.38165687009514576 0.5935036072824686 0.5220052544524415 10.0
173 0.4953847882395553 0.3630079922838114 0.5837405038728488 0.5114475033143024 10.0
174 0.40328434686575165 0.38714236225668813 0.5917562959665142 0.5807813815054393 10.0
175 0.3990651604792783 0.3483414979524968 0.6847815468881007 0.5004792019029348 10.0
176 0.4481478264835457 0.41027662690628214 0.6008233533615737 0.519468875956809 10.0
177 0.4168328641129554 0.39462220737994547 0.6134899278374217 0.5423594613169432 10.0
178 0.42450466913755475 0.4426885888038517 0.5821003924714684 0.533836803066098 9.0
179 0.4109672562833642 0.3843539257222381 0.5699109615787052 0.5988150548518828 9.0
180 0.41350563043047117 0.39775225629928745 0.5703034569416465 0.5878436894375342 9.0
181 0.43247925976139306 0.4274587417170953 0.5743912955555825 0.5480103590223954 9.0
182 0.4320230099758064 0.42905897885562005 0.5684983562962348 0.5532396681396738 9.0
183 0.4539751864084765 0.4199565246759085 0.5516633599003402 0.5738011009114552 9.0
184 0.4638749774729929 0.538616893948191 0.5941120743666203 0.5342998560688478 9.0
185 0.40885368802949196 0.40661503214512573 0.6220298173836907 0.5296997108776951 9.0
186 0.4085010943737271 0.38960661178589956 0.6043338302453214 0.5622403094489026 9.0
187 0.45870410890402946 0.5778105547270986 0.5815942558800515 0.5326012953882923 9.0
188 0.40902034295446554 0.398528957006448 0.6188630367875406 0.5393380861527096 9.0
189 0.4307338795985802 0.4133596637433054 0.5907072715056585 0.5428324168160163 9.0
190 0.4393074274113339 0.39288801356126746 0.6109017928474438 0.5286274609939362 9.0
191 0.42279179564020986 0.41061441470050125 0.580859599766089 0.5614668515051184 9.0
192 0.4211134299038696 0.3768233927060695 0.5782422080007878 0.588475622902478 9.0
193 0.44171451193283623 0.41210294075935977 0.6026044327153832 0.570313289290627 9.0
194 0.408793894458152 0.3866438013988188 0.5466848064504927 0.5569447930417794 9.0
195 0.44233059446480144 0.4336185869266137 0.5908810073433023 0.5168928336059095 9.0
196 0.40911347935387565 0.39006687511065147 0.5678047829857165 0.5983909444259 9.0
197 0.4869736662596546 0.40177032761032555 0.564913866429873 0.5313281243608077 9.0
198 0.43486341711675125 0.37666947687112656 0.5994228521777867 0.5557334543430152 9.0
199 0.40416578533377345 0.42756000174380665 0.6101769276723438 0.5305907837596783 9.0
200 0.5125774121614889 0.27126435952865213 0.562405776621925 0.4908822308204667 9.0
201 0.4217954752477652 0.2586681299724832 0.6150712775043304 0.5227587347675791 9.0
202 0.4230183364815476 0.40405537065886854 0.6215199907716582 0.5210639553004088 9.0
203 0.4366425292096503 0.41913338006113093 0.6012561925666027 0.5216910027058582 9.0
204 0.40503421380887045 0.37651538158921083 0.656461788931855 0.5130705338872521 9.0
205 0.43289148924452864 0.40187975888601635 0.6069888752272424 0.5316597815217348 9.0
206 0.479168045654044 0.38165687009514576 0.5935036072824686 0.5220052544524415 9.0
207 0.4285660174409187 0.4100796410383118 0.4258956043468545 0.5343715565777616 9.0
208 0.45481772361096756 0.3468914830268887 0.6015439399379514 0.5576307251368684 9.0
209 0.4145257274017784 0.3821781690168708 0.6452834317474766 0.684912377579405 9.0
210 0.43182369784062596 0.41193125160140065 0.5846349686478833 0.5495842895966364 9.0
211 0.44664714189346394 0.4268756617805639 0.6145475783420278 0.49052499831482066 9.0
212 0.44659528091182443 0.4243724050770801 0.5701225324528922 0.5435264619739172 9.0
213 0.44535295693697613 0.5062623353819332 0.5957781962737749 0.5216305726011056 9.0
214 0.47544124530122844 0.3897344388960586 0.590932895847406 0.5223609882161857 9.0
215 0.43223087592148646 0.42503706314198575 0.60155646097033 0.5202401264037908 9.0
216 0.48334005214480047 0.3885991210371658 0.6971274992580023 0.5312740533226846 9.0
217 0.5317280830090546 0.3904619460973835 0.5631822968134349 0.36971856683920296 9.0
218 0.4689192776382867 0.4054396993805273 0.5834578751097931 0.3324933536268698 9.0
219 0.42456642709960196 0.44407818901440216 0.579610419427743 0.6774497698503426 9.0
220 0.4215128714150884 0.4111996075931535 0.5974120282363499 0.5443717943328571 9.0
221 0.4225926974275125 0.4094921305594819 0.6145419425727229 0.5254234558046863 9.0
222 0.44307987949585903 0.4139050197462632 0.5980884522719057 0.5240735237290439 9.0
223 0.4085010943737271 0.38960661178589956 0.6043338302453214 0.5622403094489026 9.0
224 0.5936436084067067 0.40411003176470894 0.5725909717432036 0.5513281385195136 9.0
225 0.46145940234594135 0.4024494553467413 0.45702914085311575 0.4966075024271276 9.0
226 0.42386945981131546 0.40809879895788376 0.620434635915979 0.6871138317594769 9.0
227 0.40902034295446554 0.398528957006448 0.6188630367875406 0.5393380861527096 9.0
228 0.42175308037634607 0.3898868213285847 0.5094983578441797 0.532840072407036 9.0
229 0.4416286937213464 0.43084264426637453 0.5708320808251416 0.5417466642854153 9.0
230 0.412816603629805 0.3988292433194589 0.5957124131095395 0.5618223983680162 9.0
231 0.5497433885955489 0.3591808908517784 0.5516387980888617 0.48630643619414166 9.0
232 0.38999594721081837 0.3689431901836547 0.625035828556953 0.566669477381981 8.0
233 0.4972445710247005 0.42164872767162065 0.5987021887551531 0.4653126650104787 8.0
234 0.4414928887843062 0.3935778671240887 0.6198269747414481 0.5157470436617215 8.0
235 0.45193883245530425 0.3805409022135243 0.6021787479874069 0.5369549971215207 8.0
236 0.41482730768449516 0.3943830788890805 0.643684343639215 0.5079869660128647 8.0
237 0.3647373583228863 0.3949610560462689 0.564061529278808 0.603091975471511 8.0
238 0.4344981138301664 0.43373093296541393 0.5691667766003191 0.5469351399218941 8.0
239 0.43019461289112126 0.47222284417310145 0.5401145668163723 0.5479182741917699 8.0
240 0.42524830529989516 0.4340353301103681 0.5436347830688729 0.5789977838413636 8.0
241 0.4649358346127321 0.39126118518025277 0.5803814172437295 0.542131686200379 8.0
242 0.47120735333917946 0.4203852921496738 0.5777787165175677 0.5171185464113924 8.0
243 0.43361278301052597 0.3614256314036935 0.5693359873443912 0.5976688053503341 8.0
244 0.42688597814647466 0.4293798934645054 0.5907726769378041 0.5332812700011866 8.0
245 0.4418882147224089 0.4181305688033854 0.5818874640523092 0.5397301291389727 8.0
246 0.4677672887764935 0.41524913033254535 0.5313688493426157 0.5713222114158156 8.0
247 0.49781834940671005 0.3991085138553563 0.5742734989660655 0.5129319970009866 8.0
248 0.44336091839232267 0.38497976434300224 0.5565221255354084 0.5877965641940025 8.0
249 0.40800752429027554 0.4082951334276706 0.637120160107725 0.5107864972041721 8.0
250 0.23477835450015233 0.4207298746179046 0.6087861251786783 0.5293742061504195 8.0
251 0.470130304216391 0.3885512952200582 0.5878864641853788 0.5762679828539197 8.0
252 0.4887341938804441 0.4058176564491136 0.5792280967896327 0.5108284734973586 8.0
253 0.47318069513616756 0.41589424375027323 0.581011487719093 0.515322868602091 8.0
254 0.43901682141579057 0.42633705632669455 0.5427973436701621 0.5325532452724646 8.0
255 0.5254866399945103 0.3855703776540862 0.5431761188715127 0.5293004618840279 8.0
256 0.43019461289112126 0.47222284417310145 0.5401145668163723 0.5479182741917699 8.0
257 0.44321810548598173 0.5518915846876737 0.5913352728361807 0.5368884675606822 8.0
258 0.4637130156986712 0.4130123920603555 0.5903103894507364 0.6441608151428739 8.0
259 0.4380049601746831 0.41024637241037387 0.6110084174402745 0.5162540872512626 8.0
260 0.506387767129753 0.3937759268811359 0.6135649593810625 0.4604888590725737 8.0
261 0.5125573776228951 0.35253325129475643 0.58774057682543 0.5172680695043913 8.0
262 0.44425221007038773 0.4215495318542902 0.5857801917233554 0.5308460539794507 8.0
263 0.48824573257096676 0.40031602962928026 0.5822332657695721 0.5122183179850053 8.0
264 0.41881146953669207 0.41001923181569533 0.6050294996670361 0.5389067517283853 8.0
265 0.45651316406069914 0.41335574666789626 0.7583809245448225 0.515104102304472 8.0
266 0.4754588486910233 0.43846032309302413 0.5470084716976996 0.5314820412445883 8.0
267 0.44832650556821513 0.34793853560403043 0.6203448908098931 0.5113179478917312 8.0
268 0.4468049849905369 0.44350497969982594 0.5774836491481204 0.519789643351648 8.0
269 0.39277105685875763 0.37925741901961896 0.6248118591277302 0.558126193352347 8.0
270 0.44336091839232267 0.38497976434300224 0.5565221255354084 0.5877965641940025 8.0
271 0.44246906979470585 0.3593566996065977 0.6238861885100864 0.5346493322816539 8.0
272 0.4125900794544806 0.40405318081619 0.6021941529996868 0.5277918651857122 8.0
273 0.567462680156319 0.4168445342053122 0.5833569675859689 0.5374133073092346 8.0
274 0.4211134299038696 0.3768233927060695 0.5782422080007878 0.588475622902478 8.0
275 0.4869736662596546 0.40177032761032555 0.564913866429873 0.5313281243608077 8.0
276 0.49930321251623255 0.34209476519278037 0.6138085375494509 0.5068595000886049 8.0
277 0.5035389296654049 0.3268846749499907 0.5854785632140693 0.5448025400189012 8.0
278 0.44277706125181043 0.4199744948231655 0.5053467495189111 0.5301137215684798 8.0
279 0.41941048364487266 0.43731748694190586 0.5884051515453786 0.5353761663152836 8.0
280 0.48680446865320975 0.3882864501615457 0.6046960651769149 0.49658605566383746 8.0
281 0.45067282843263085 0.3942936103800368 0.6006783375206067 0.5297283127788134 8.0
282 0.5056517059051234 0.4083360292285324 0.5654977388161322 0.5077305849985357 8.0
283 0.5371638643530362 0.36033546242748477 0.5664215429729023 0.5106662050759581 8.0
284 0.4505813831715714 0.3936773149732986 0.5967977392393525 0.5346279521811458 8.0
285 0.4772071275971956 0.3941688000314566 0.6043391416181523 0.5016757083619163 8.0
286 0.5611029645415285 0.39004606633508954 0.5498481505916633 0.4803067151416464 8.0
287 0.48680446865320975 0.3882864501615457 0.6046960651769149 0.49658605566383746 8.0
288 0.4926238328326884 0.409221443980143 0.5781249884678739 0.5055997100682108 8.0
289 0.4338390261504095 0.42247270217386534 0.5907236151316315 0.5332411516683544 8.0
290 0.44081494810322563 0.43830127784808937 0.5940723348402007 0.5105411171913531 8.0
291 0.4649358346127321 0.39126118518025277 0.5803814172437295 0.542131686200379 8.0
292 0.45696362596862417 0.4063699732550962 0.5738760556103697 0.5447145694538964 8.0
293 0.44359859635449284 0.4151652299603699 0.601983460483511 0.5181447967977425 8.0
294 0.4448880893820845 0.405842177764254 0.5969197868614053 0.5301447752518744 8.0
295 0.4123730971421542 0.42912425159634104 0.5869270744223632 0.5489238697262793 8.0
296 0.43276733593061173 0.4147663333426206 0.5951616469056458 0.5352232578369501 8.0
297 0.44659528091182443 0.4243724050770801 0.5701225324528922 0.5435264619739172 8.0
298 0.5417179737187349 0.1764870278636854 0.5665011626305796 0.519323450119039 8.0
299 0.425022494665566 0.4045340689634644 0.6153096031559816 0.33280384248860456 8.0
300 0.5098951059229405 0.40228797555715934 0.5730486850440206 0.4997865246755603 8.0
301 0.519268636395869 0.41309859151080736 0.5366297292019101 0.521285114581307 8.0
302 0.43721462907732844 0.38540353698134655 0.6175044556298702 0.5282004629686533 8.0
303 0.46759879224406015 0.38853054272213194 0.5873711836582198 0.5342195049526774 8.0
304 0.5188475671716705 0.41555958293315837 0.536701282684266 0.5196721738149176 8.0
305 0.44277706125181043 0.4199744948231655 0.5886844145482821 0.5301137215684798 8.0
306 0.45907409133054305 0.4248043793413105 0.5939128050835901 0.5060235151840492 8.0
307 0.4845634748197761 0.39450941351175034 0.5448055227760366 0.5592383247542396 8.0
308 0.5619336226218729 0.34991298144025057 0.5582429700223711 0.5001562711865716 8.0
309 0.4206300747003598 0.39878402795658346 0.632160720196438 0.5142124688735326 8.0
310 0.5235981373626946 0.3924203541281466 0.56876508709494 0.49835482531840947 8.0
311 0.49336382140371476 0.33945998041645226 0.6161236344948823 0.5116158015956914 8.0
312 0.4434545914447523 0.4262477912400899 0.5768064382018846 0.5375455130855137 8.0
313 0.48233188528663723 0.38749203751362354 0.5796745867871482 0.5302671465709785 8.0
314 0.4531696570450319 0.4118104783303343 0.5890205609872574 0.5273558292133367 8.0
315 0.41265705378521733 0.3736577515136163 0.5664751131156521 0.6076182904716593 8.0
316 0.4695605789324799 0.37575169561321076 0.6307371217016702 0.4904020893755284 7.0
317 0.43393387739719674 0.44712390102886834 0.6270942570182959 0.4674766304217065 7.0
318 0.479168045654044 0.38165687009514576 0.5935036072824686 0.5220052544524415 7.0
319 0.43227320794818197 0.4448557249193961 0.5724824895084182 0.5361968452936575 7.0
320 0.4457627221088122 0.4114879331931888 0.5817668028409165 0.5417754733529357 7.0
321 0.5953445507007205 0.40504455482042684 0.5634913206498634 0.5787480525663365 7.0
322 0.41781852958631327 0.39823352489464037 0.6251400773602811 0.5253928241442802 7.0
323 0.48310560039530687 0.37869180905261013 0.58200686303834 0.5333568261487072 7.0
324 0.4553973658409036 0.3801891480691923 0.6026445383744481 0.5337499519841068 7.0
325 0.4458429197085829 0.4090937368025623 0.596932840654448 0.526818364526953 7.0
326 0.4458429197085829 0.4090937368025623 0.596932840654448 0.4153030767817183 7.0
327 0.5677139021365516 0.42835468812129945 0.5934068803422231 0.5396994656833827 7.0
328 0.4275257614379997 0.4270631564926386 0.5893028098832961 0.5362471276725446 7.0
329 0.48310560039530687 0.49311054223462575 0.58200686303834 0.5333568261487072 7.0
330 0.426155486781431 0.5324938333509646 0.5923802467734878 0.5315896084629999 7.0
331 0.42767668644279794 0.41122179943638976 0.6066430307325927 0.5048211926744433 7.0
332 0.26377252047085104 0.3948252033637334 0.6421254425527996 0.4978876801451468 7.0
333 0.4345697788229311 0.34460645463095785 0.6042926190489606 0.5535977038848968 7.0
334 0.3010578415090984 0.3738970350936037 0.6989164302536153 0.4830117762062678 7.0
335 0.42326233975302296 0.4622613169678693 0.5745322504065642 0.5263802426238058 7.0
336 0.4288370960744517 0.42660758478533833 0.5852285578695567 0.5400113412586541 7.0
337 0.44666975809235593 0.6196951757659646 0.5827108374441793 0.501361258910178 7.0
338 0.48404388674638793 0.3967521823208801 0.5690611684195275 0.5333466116176904 7.0
339 0.40865722043991143 0.38314816128988477 0.6539729404878565 0.5084448404617482 7.0
340 0.48680446865320975 0.4633169772401981 0.6046960651769149 0.49658605566383746 7.0
341 0.4938494030204953 0.40199660847273166 0.5707323829917125 0.5184361493157312 7.0
342 0.38247123707577335 0.3958495592172042 0.6124186618187504 0.5155556664680824 7.0
343 0.6026037399112724 0.41707634261931836 0.5590237607932957 0.5747483477675449 7.0
344 0.4705288415133459 0.39433557733394586 0.5927057727173792 0.7002783477582195 7.0
345 0.5188475671716705 0.41555958293315837 0.536701282684266 0.5196721738149176 7.0
346 0.5159517613181536 0.20523727877373352 0.5767497929432381 0.5078422596233775 7.0
347 0.44570489588482504 0.4219958701794065 0.5581831650036215 0.4169381519548361 7.0
348 0.5125774121614889 0.4242626243600096 0.562405776621925 0.4908822308204667 7.0
349 0.4572731931257794 0.43061920787890084 0.5874003509348098 0.5103225963799406 7.0
350 0.42787117221347754 0.4202389384083625 0.620112110228865 0.5057533641821685 7.0
351 0.420727060992159 0.40259839576663914 0.5971756966407981 0.5516198502742684 7.0
352 0.5118268715836306 0.4160815040037702 0.5434586032926412 0.5191937808353312 7.0
353 0.4812030553890824 0.42937111121272176 0.5684574085068872 0.5108231034847566 7.0
354 0.4041224156644915 0.39430738490220124 0.5786040615750974 0.5885780316133827 7.0
355 0.40984271956612583 0.42258748821371744 0.6053844301561436 0.5356850303568175 7.0
356 0.4133355582431255 0.40735484845535347 0.5752343527556398 0.576473055000457 7.0
357 0.4495185706166422 0.42081638310079766 0.5762714584663273 0.5373619195121901 7.0
358 0.41902502644654366 0.38684710942956907 0.6466948172548838 0.45914606122532764 7.0
359 0.4211134299038696 0.3768233927060695 0.5782422080007878 0.588475622902478 7.0
360 0.4077047294502628 0.3787601211376849 0.5806168665143662 0.59430773050558 7.0
361 0.479168045654044 0.38165687009514576 0.5935036072824686 0.5220052544524415 7.0
362 0.4098985985545944 0.4233662774662744 0.5990608574289118 0.5420979829365408 7.0
363 0.3908901469220205 0.3790505305331205 0.6846660192159791 0.484518348953665 7.0
364 0.47164757908070404 0.4215883314097558 0.6779351501917336 0.5160390626211222 7.0
365 0.40442790458673017 0.39435964686999786 0.7805428977297484 0.5823881264720973 7.0
366 0.49781834940671005 0.3991085138553563 0.5742734989660655 0.5129319970009866 7.0
367 0.4394732024355882 0.4096209995391304 0.5871050899815609 0.5425694005335313 7.0
368 0.4219691270666825 0.4006916469862347 0.6115282998202253 0.536116963317731 7.0
369 0.5876904266135115 0.40434286234438943 0.580299388681382 0.5269716304045227 7.0
370 0.4553300454058603 0.4079386782200012 0.6210297319904223 0.5328770069446755 7.0
371 0.4402959191814826 0.41266108488464054 0.5768098502641142 0.5505821729880609 7.0
372 0.47538555531939986 0.40438245188716404 0.5789606906334358 0.5246788780774833 7.0
373 0.47095260320958793 0.40943852222459626 0.5890993071716724 0.5133475901750263 7.0
374 0.470130304216391 0.3885512952200582 0.5878864641853788 0.5314084053417222 7.0
375 0.4869736662596546 0.40177032761032555 0.564913866429873 0.5313281243608077 7.0
376 0.4513858220291742 0.44446341092118685 0.5237333291075923 0.569566954804463 7.0
377 0.43832119371626277 0.4050644758634859 0.5960091855181311 0.5371874461587911 7.0
378 0.3866068767450949 0.4389078887362412 0.6089997358806252 0.5357371648073589 7.0
379 0.41488405158133784 0.4207298746179046 0.6087861251786783 0.5293742061504195 7.0
380 0.4195794842327603 0.3874645638830255 0.5722085168457177 0.5885589871840645 7.0
381 0.412816603629805 0.3988292433194589 0.40364845679908784 0.5618223983680162 7.0
382 0.46013236082602427 0.4222336956994794 0.6911593396500919 0.5420233182996754 7.0
383 0.28218112180568566 0.441095416783966 0.5623401121734561 0.5479335904045461 7.0
384 0.42741808993887 0.4423306817884116 0.6346487085302622 0.46784437701278114 7.0
385 0.4252115119137965 0.41665364453996534 0.6061479052757235 0.527427367091811 7.0
386 0.39054262849293053 0.36122696963508527 0.6940996411645289 0.48499197918456144 7.0
387 0.4614861560320089 0.39665748160281483 0.595939614030443 0.5239745666619322 7.0
388 0.4060207017343563 0.4882503206087118 0.6041442909920997 0.5671653610501431 7.0
389 0.46405686725224915 0.3717970697528851 0.5950143554968007 0.5407181147621406 7.0
390 0.479168045654044 0.38165687009514576 0.5935036072824686 0.5220052544524415 7.0
391 0.40324415751692677 0.38151311454511694 0.5915423632139072 0.5847388522937862 7.0
392 0.44762726529032654 0.3898633591833237 0.573981521545964 0.5340172972920532 7.0
393 0.43289787501391064 0.40442217741097375 0.6122571677849244 0.3959411242009602 7.0
394 0.46013236082602427 0.4222336956994794 0.5623234293145158 0.5420233182996754 7.0
395 0.4659038283516219 0.40571050739365605 0.576535324792919 0.5347332289876963 7.0
396 0.42387211160328764 0.4077573408971874 0.6213907509498261 0.5176291322785418 7.0
397 0.45020259168449395 0.38773024077489404 0.5533027355305743 0.5889855098463115 7.0
398 0.45835180921288876 0.426072024452381 0.5720648244769113 0.5302057011825898 7.0
399 0.4133355582431255 0.40735484845535347 0.5752343527556398 0.576473055000457 7.0
400 0.43259290825596014 0.4267300105577911 0.6229919901422228 0.4900849448085837 7.0
401 0.43381786201443606 0.3963011666798302 0.6066803937327964 0.5354309925150473 7.0
402 0.42175308037634607 0.3898868213285847 0.6214451407683708 0.532840072407036 7.0
403 0.4917989013690819 0.4006213837944646 0.5690881651477566 0.5232351361935972 7.0
404 0.43613461971822104 0.5668103401561995 0.6071688707893504 0.5225661741669473 7.0
405 0.4322498926307243 0.4012565930593456 0.5992003024894081 0.541398350887529 7.0
406 0.41265705378521733 0.3736577515136163 0.5664751131156521 0.6076182904716593 7.0
407 0.4086572204399114 0.3831481612898847 0.6539729404878565 0.5084448404617482 7.0
408 0.4653589588955687 0.40669542130022657 0.5916735341407345 0.5176507535650622 7.0
409 0.42857954904155865 0.39777278572311514 0.6028976242665464 0.5427806515851143 7.0
410 0.43113419506252987 0.40844162459678585 0.7134014708849059 0.5319411533067702 7.0
411 0.416469033550566 0.41854376407657007 0.7823734505412021 0.5406878042134536 7.0
412 0.43848222736221343 0.42326238103290703 0.5906204729924466 0.528913745304473 7.0
413 0.47268923348803016 0.41422880927061984 0.5481267930298376 0.5518481683194831 7.0
414 0.4789451220514928 0.40347055569326046 0.5849268840066345 0.5154450709027505 7.0
415 0.4474109586266022 0.39084039349286853 0.6302920953821471 0.49979905503506816 7.0
416 0.4359980375941312 0.41479539842051144 0.5960271230849357 0.5316033833699054 6.0
417 0.43145816859613617 0.37921404527748487 0.6044600190173864 0.5519679719199789 6.0
418 0.4869736662596546 0.40177032761032555 0.564913866429873 0.5313281243608077 6.0
419 0.42957435007401684 0.3917338004266578 0.6336875002661252 0.5103436679025644 6.0
420 0.4707265411030659 0.39741089053913786 0.5809148768338391 0.531995313377062 6.0
421 0.4416533422555513 0.399669029709084 0.6869006214429054 0.525724316455926 6.0
422 0.3332621706128817 0.38951439138704735 0.5730676696099389 0.5918206392293869 6.0
423 0.4653589588955687 0.40669542130022657 0.5916735341407345 0.5176507535650622 6.0
424 0.44666975809235593 0.45778935679504495 0.5827108374441793 0.501361258910178 6.0
425 0.495163286853439 0.3902399275639622 0.5682660791032158 0.5287719561663896 6.0
426 0.4576493293628253 0.44855307995231103 0.5674954828433943 0.5170165401139449 6.0
427 0.4801365138452045 0.40212569970114165 0.6154767445485095 0.4784895261470307 6.0
428 0.46075809788604083 0.3868680006493162 0.6005242919870067 0.5266931744759397 6.0
429 0.4800333969530869 0.41213251270193557 0.583850997128387 0.5087560741021745 6.0
430 0.49085417822704297 0.4056059428054176 0.5577142987565535 0.5324478902582566 6.0
431 0.5338111734118046 0.39428729975465227 0.5609242669454774 0.4949213302582302 6.0
432 0.44220328397180975 0.44365283277414436 0.5977468952605942 0.48912310750495314 6.0
433 0.43870823036101037 0.3782145255308262 0.609154921673041 0.5416817725311734 6.0
434 0.4568879311659347 0.2957766439913266 0.5766245277796527 0.5209730797665365 6.0
435 0.4468049849905369 0.44350497969982594 0.5774836491481204 0.519789643351648 6.0
436 0.4085010943737271 0.38960661178589956 0.6043338302453214 0.5622403094489026 6.0
437 0.49930321251623255 0.34209476519278037 0.6138085375494509 0.5068595000886049 6.0
438 0.5125774121614889 0.4242626243600096 0.562405776621925 0.4908822308204667 6.0
439 0.5062794823732041 0.4242405160459007 0.5673047048852646 0.491799188783462 6.0
440 0.38999594721081837 0.3689431901836547 0.5633994441260036 0.566669477381981 6.0
441 0.46967180640301304 0.37964171517731193 0.5693438636744033 0.5577886044584113 6.0
442 0.4507009539771525 0.43394709293835865 0.5429792111455707 0.5601179758570205 6.0
443 0.43227320794818197 0.4448557249193961 0.5724824895084182 0.5361968452936575 6.0
444 0.43500258482859816 0.43923016109951263 0.602290642430884 0.5050698949780388 6.0
445 0.4203494878278288 0.39832136821034964 0.6299498926390109 0.5175031675980502 6.0
446 0.4742969466056575 0.3628805446958399 0.6040889058294613 0.527671024953583 6.0
447 0.5410867907557289 0.3744600725591332 0.5719401573899483 0.48978484592056964 6.0
448 0.44303860165990167 0.42029311671154584 0.5862547108507002 0.5323306373763356 6.0
449 0.4199703899179042 0.4051746221471818 0.6189350041090427 0.5257165185236538 6.0
450 0.4468049849905369 0.44350497969982594 0.5774836491481204 0.519789643351648 6.0
451 0.3868373593826936 0.37517891744394266 0.621537311115823 0.5685850931763234 6.0
452 0.5161746305057786 0.3904085470350935 0.5848113865485323 0.48901999896461634 6.0
453 0.4760406221693034 0.4136999933919388 0.5675657638756022 0.5292511173237867 6.0
454 0.44341562042186405 0.38773024077489404 0.5533027355305743 0.5889855098463115 6.0
455 0.4250630577739945 0.39790030243822994 0.5539687575753464 0.5950759294962399 6.0
456 0.41265705378521733 0.3736577515136163 0.5664751131156521 0.6076182904716593 6.0
457 0.4611448024294956 0.4216220353499001 0.5702031516020037 0.5333373195294057 6.0
458 0.4347468281505836 0.3999390030947425 0.6028788864320842 0.5362658272825154 6.0
459 0.4250630577739945 0.39790030243822994 0.5539687575753464 0.5950759294962399 6.0
460 0.42606365829954 0.36257639198418923 0.6528824498492559 0.5106394282964978 6.0
461 0.4264099423033881 0.49373849213856663 0.6165718588911041 0.5244969500575645 6.0
462 0.470130304216391 0.3885512952200582 0.5878864641853788 0.5314084053417222 6.0
463 0.404108181214127 0.3978463752253208 0.6255269891879441 0.5358458970574929 6.0
464 0.4316156814096273 0.44401311245554814 0.5584793977575309 0.5519610691065319 6.0
465 0.4698392582117926 0.38067573639939095 0.5982017393367106 0.5258248132356517 6.0
466 0.41015922286905987 0.3964061190069856 0.583420150819278 0.49934194797941256 6.0
467 0.41919850425738914 0.45702538108802454 0.39898049391429746 0.5443018236486762 6.0
468 0.4240673863722871 0.42674644385772104 0.6015846926274401 0.5254999353629976 6.0
469 0.479168045654044 0.38165687009514576 0.5935036072824686 0.5220052544524415 6.0
470 0.4869736662596546 0.40177032761032555 0.564913866429873 0.5313281243608077 6.0
471 0.44261758068872564 0.41192376542811726 0.5919716931690807 0.5328958652751142 6.0
472 0.4881882466762964 0.404298322407994 0.5829233293719602 0.5083458413119109 6.0
473 0.42256643878042666 0.31721194915541817 0.6053284994481538 0.5548820645661813 6.0
474 0.44952622927376934 0.41016060423731127 0.5742903862055199 0.5476175675035497 6.0
475 0.427990088211484 0.38395109701963276 0.6044594998302795 0.5513934643746469 6.0
476 0.40885432423383555 0.3751548498138113 0.6744783815714365 0.487007076960126 6.0
477 0.43227320794818197 0.4448557249193961 0.5724824895084182 0.5361968452936575 6.0
478 0.4558106244113177 0.3703742303054965 0.6126804140886629 0.5288499923338565 6.0
479 0.4298006128424969 0.38998227510818995 0.5676057928573627 0.5839596922874205 6.0
480 0.4297122247756198 0.42076622770347044 0.5967521959234381 0.5312155891567311 6.0
481 0.40328608047374037 0.38917220678496534 0.44623618099848306 0.5815983652591817 6.0
482 0.4310483378792406 0.4253582653835261 0.5677814645055607 0.5575767974417359 6.0
483 0.4051030275145202 0.3865237819919954 0.5848346158561089 0.5760426354608056 6.0
484 0.4801803286092299 0.4139861559367721 0.5727880446054705 0.5195730657631014 6.0
485 0.479168045654044 0.38165687009514576 0.5935036072824686 0.5220052544524415 6.0
486 0.43282756936933486 0.42201528804230326 0.5745425045341365 0.551782839834701 6.0
487 0.410356993864235 0.36688743086920056 0.4673936985936559 0.6001822593876682 6.0
488 0.5053468858984826 0.30153443105631367 0.5542852147102825 0.5342888286875753 6.0
489 0.5703891778145075 0.3948717865480941 0.6286236239053604 0.5320238826592488 6.0
490 0.41601325093363806 0.4073096661240576 0.6269079655545421 0.5177047552937867 6.0
491 0.423247388835741 0.40870191513365417 0.659098495362358 0.5310783881823498 6.0
492 0.45413600844243096 0.39380601069905674 0.6393988744313521 0.46069204123532853 6.0
493 0.41333377642711394 0.3825303062556587 0.6152549297353395 0.551622267042235 6.0
494 0.46750130237023774 0.22493813814554792 0.5902191498988887 0.5288200110023334 6.0
495 0.4685377668344681 0.3917591502728193 0.6544852800553065 0.5550612658496697 6.0
496 0.44032843064126626 0.4296401622048878 0.5833769170159796 0.5302750011856942 6.0
497 0.4239034906133756 0.4269775255103998 0.5951516059133084 0.5327199914904842 6.0
498 0.40128932345509155 0.4323230433897418 0.600724422204651 0.5396237889512233 6.0
499 0.4348634171167513 0.3766694768711266 0.6001451835774024 0.5557334543430154 6.0
500 0.44516748117070026 0.42122710195727653 0.5789428784012232 0.6439329482677755 6.0
501 0.45397518640847656 0.41995652467590855 0.5516633599003403 0.5596521998982847 6.0
502 0.48245652465929667 0.4075699162259077 0.5655445865383498 0.530360053019123 6.0
503 0.45165268032754036 0.27016603277689155 0.6048907509187139 0.4982415774591891 6.0
504 0.44356624374468157 0.39701144059474514 0.5956284996989708 0.5393121487538289 6.0
505 0.597341811483006 0.4141477379678732 0.6137087253813188 0.5206845311738186 6.0
506 0.5094991590063561 0.3873386359420118 0.5733147018793411 0.5115560973025342 6.0
507 0.42707049233379896 0.4121070675960046 0.6298297856307659 0.5010918085016878 6.0
508 0.2582449642362537 0.38559055873972564 0.5753597881202942 0.5943056175626413 6.0
509 0.40404861565644895 0.38831704676830725 0.5773401300845176 0.5938290676358304 6.0
510 0.407200713722574 0.4184114979975972 0.5553461326310635 0.5922077929738466 6.0
511 0.417009245243295 0.4085133313368956 0.626548066078698 0.5163890668814481 6.0
512 0.46126092099948257 0.42943039907615066 0.5708604214814531 0.526256852016223 6.0
513 0.4298006128424969 0.38998227510818995 0.5676057928573627 0.5839596922874205 6.0
514 0.41025999827893855 0.38849807654000773 0.5674747848309921 0.5594626213074931 6.0
515 0.43613461971822104 0.40994773989393757 0.6071688707893504 0.5225661741669473 6.0
516 0.399886528111692 0.4051814831662474 0.560336238920898 0.6016161813697826 6.0
517 0.4837782426510734 0.38869575090265707 0.5742762926761292 0.5158905712295341 6.0
518 0.43812847765887974 0.4095973511036811 0.5827671234311437 0.5483210071490519 6.0
519 0.4071111845338611 0.393243412274966 0.5702027233354768 0.5953897517010042 6.0
520 0.4433579559725653 0.4078046088191004 0.5934383357786817 0.5338165092332362 6.0
521 0.48517607950331193 0.38877768643726973 0.6028309247669237 0.5000509559544262 6.0
522 0.4760406221693034 0.4136999933919388 0.5675657638756022 0.5292511173237867 6.0
523 0.4457627221088122 0.4114879331931888 0.5817668028409165 0.5417754733529357 6.0
524 0.4305030066949111 0.41460979420405764 0.5727787928853914 0.5526576729546976 6.0
525 0.4776368639889493 0.34908318946843764 0.6028959560018827 0.5352760215308741 6.0
526 0.3818743636592048 0.4502664459688297 0.6028204963324728 0.536693159278137 6.0
527 0.48680446865320975 0.3882864501615457 0.6046960651769149 0.49658605566383746 6.0
528 0.4280234760317365 0.41707634261931836 0.5590237607932957 0.5747483477675449 6.0
529 0.4507391618803138 0.3645573582260535 0.5882607419451429 0.5070069209793744 6.0
530 0.5745013479276476 0.3414962614366435 0.6712259604292459 0.49385397924711855 6.0
531 0.44081494810322563 0.43830127784808937 0.5940723348402007 0.5105411171913531 6.0
532 0.44832650556821513 0.39080623973376344 0.6203448908098931 0.5113179478917312 6.0
533 0.4772071275971956 0.3941688000314566 0.6043391416181523 0.5016757083619163 6.0
534 0.4505349620061669 0.4524673928061601 0.5545329459959817 0.5336522446896627 6.0
535 0.49589490041999523 0.42914118156985964 0.5681195478949868 0.49715819747628 6.0
536 0.4437849963491771 0.4291268363509173 0.5661258961981261 0.5462659654350454 6.0
537 0.4824821688237509 0.42649681127183997 0.5974997673007632 0.5680008908951496 6.0
538 0.48303135580826023 0.40793939856845973 0.5714042332128333 0.5232240042927039 6.0
539 0.46075809788604083 0.3868680006493162 0.6005242919870067 0.5266931744759397 6.0
540 0.5179785578408193 0.26094336151627057 0.5643361571489419 0.5017909202254203 6.0
541 0.4487115518967823 0.44512020366423183 0.532280132857418 0.5632084939430364 6.0
542 0.46131612178839965 0.3798604115283972 0.5776585452561255 0.5560612453895378 6.0
543 0.5269701492530416 0.2993274276672908 0.5971403833057191 0.5254797003384706 6.0
544 0.5081970643133965 0.38094265653127446 0.5660150475495318 0.5255905271270042 6.0
545 0.632573967337394 0.4169784999262242 0.5430078766475439 0.5506432183887865 6.0
546 0.42787117221347754 0.4202389384083625 0.620112110228865 0.5057533641821685 6.0
547 0.4389078985278397 0.42618562763425755 0.5627833477561549 0.5558781978961257 6.0
548 0.45639594122892535 0.39063616277141555 0.594704896236916 0.5342585699423326 6.0
549 0.43078407886932923 0.41255102162416246 0.6066272164017897 0.5255760194968752 6.0
550 0.44843085662203863 0.4103649222076545 0.5921272829515788 0.5290516782272892 6.0
551 0.4395148884462247 0.4093544488018202 0.6015947750287612 0.5266301593512802 6.0
552 0.408620671694711 0.3969394480373812 0.6262542857973703 0.5322347139899541 6.0
553 0.41373718881766985 0.4722780860157723 0.577181992161933 0.5221454739653623 6.0
554 0.4131299439236552 0.43714208197353915 0.5933492529450746 0.5427230675105004 6.0
555 0.5061531361770002 0.34453940968116675 0.6004496661269916 0.5143557099544288 6.0
556 0.4938494030204953 0.40199660847273166 0.5707323829917125 0.6661435522430673 6.0
557 0.410615220271611 0.45683851750644566 0.5711579972387529 0.5444926555923653 6.0
558 0.4301946128911213 0.47222284417310156 0.5401145668163724 0.54791827419177 5.0
559 0.41110920072745666 0.408554449064708 0.6201474023927254 0.5286678414015928 5.0
560 0.5082067952262379 0.39109954924519014 0.5837391428647525 0.49801165543951853 5.0
561 0.48181200527368906 0.398622703024749 0.5986305320344271 0.5398215376723293 5.0
562 0.42624453253478195 0.4135949320245609 0.5892363693755243 0.5477730658703064 5.0
563 0.4883636514264373 0.41445628122596223 0.5764866952691718 0.5073362051888398 5.0
564 0.4649358346127321 0.39126118518025277 0.5803814172437295 0.542131686200379 5.0
565 0.470130304216391 0.3885512952200582 0.5878864641853788 0.5314084053417222 5.0
566 0.44611470526880487 0.41370780885870967 0.5861383614629987 0.5350414375108941 5.0
567 0.39277105685875763 0.37925741901961896 0.6248118591277302 0.38579484231105365 5.0
568 0.44341562042186405 0.5047538551898159 0.5533027355305743 0.5889855098463115 5.0
569 0.44323573179088027 0.42208271765197236 0.5955960525834355 0.520243796378542 5.0
570 0.4178930676843159 0.4095817808153268 0.6262258929476343 0.5152177013724153 5.0
571 0.4051560431356472 0.3864450459424653 0.5860835775959357 0.5856746940491286 5.0
572 0.483600914883301 0.3985691222895918 0.5767075065783751 0.5238427994738322 5.0
573 0.4327408066193333 0.41402733760033955 0.5937140401640729 0.5374201303617838 5.0
574 0.48039932031901905 0.4153924147811078 0.5726455667694129 0.5184039830466992 5.0
575 0.45707371090038607 0.40043138999708217 0.5888904124914208 0.5328662184680498 5.0
576 0.43126351188151507 0.4362545974308873 0.5861349775457073 0.5292820586771574 5.0
577 0.46010187450075374 0.40627124659581015 0.5809939441387841 0.534505356516133 5.0
578 0.48310560039530687 0.37869180905261013 0.58200686303834 0.5333568261487072 5.0
579 0.4869736662596546 0.40177032761032555 0.564913866429873 0.6824949525105007 5.0
580 0.42073602776661684 0.39533926026978233 0.5613505842219315 0.7470771719133926 5.0
581 0.4228096022599507 0.40450209700188866 0.6221747243487805 0.5201045146308345 5.0
582 0.45023339073798757 0.3929009548891428 0.6125569093497325 0.5173903423138838 5.0
583 0.44871230047663113 0.3717098697710337 0.5619238993379984 0.5758914178956407 5.0
584 0.4845634748197761 0.39450941351175034 0.5448055227760366 0.5592383247542396 5.0
585 0.42615548678143095 0.429987944590099 0.5923802467734878 0.5315896084629999 5.0
586 0.479168045654044 0.38165687009514576 0.5935036072824686 0.5220052544524415 5.0
587 0.4787846321140033 0.41609925147257504 0.578091156011334 0.5132614385641112 5.0
588 0.4243292102284608 0.3992873869279125 0.6051695776117225 0.7138052630824395 5.0
589 0.37119562770520176 0.3950543831348394 0.6320580807985176 0.5176010952348834 5.0
590 0.49087625798958007 0.40626385251321484 0.5623263488012269 0.5270476818345272 5.0
591 0.43374271067739206 0.6037350721957588 0.5827119999516379 0.5347221939578378 5.0
592 0.44835408714521247 0.4033125300312198 0.5858842649020775 0.541347618264043 5.0
593 0.40590546463327565 0.4460831719022626 0.5856780691202123 0.541508778209625 5.0
594 0.45693923007469756 0.4110276283360204 0.5791502189735799 0.5355817889230956 5.0
595 0.44406651060665403 0.41837727276892295 0.5890488613615598 0.5298932257697946 5.0
596 0.4422601112763239 0.4124511910261664 0.5884868856084862 0.5366313394331111 5.0
597 0.4254936059928378 0.4113694629320009 0.6004659519100602 0.5377462197198546 5.0
598 0.46983912915305903 0.4090683459509197 0.5816401375791947 0.5230765062727719 5.0
599 0.40328434686575165 0.38714236225668813 0.5917562959665142 0.5807813815054393 5.0
600 0.4463688116786429 0.4056445185169972 0.5682139789622146 0.5597680614947925 5.0
601 0.45361374661906917 0.45266316783582744 0.5292670170156637 0.556063890270161 5.0
602 0.5500843367281568 0.39008135413501255 0.5381376814505434 0.5056200109227998 5.0
603 0.38497604348011727 0.40738911983433457 0.5775454475649441 0.5359029966054207 5.0
604 0.43830447648126214 0.44019732944233986 0.5658704416858998 0.5421311098567609 5.0
605 0.4886863716751985 0.40544115837848443 0.5856698264747476 0.5037796657157584 5.0
606 0.4962469748265269 0.4095746200936366 0.5622857965508321 0.5194441775088731 5.0
607 0.4305030066949111 0.41460979420405764 0.5808057991282531 0.5526576729546976 5.0
608 0.40182002088133506 0.38454387187161637 0.585605929451748 0.5896883726307174 5.0
609 0.4301387003215281 0.3945680178209025 0.6004310776031776 0.38445459079533145 5.0
610 0.41777896688931865 0.43371131485656494 0.5949834241007829 0.5323062607518263 5.0
611 0.44700122111296386 0.421950892657742 0.5873955045403902 0.5264160652512366 5.0
612 0.40853627434049145 0.35674030245210003 0.6867639458182518 0.4839315570186761 5.0
613 0.4378385593814279 0.3672836302605289 0.6061559781551109 0.5531501251995371 5.0
614 0.4704631610119299 0.4100003947247901 0.5794511091347867 0.5242141762473089 5.0
615 0.4493625067733822 0.39126215919606516 0.5665247145126243 0.5692424862340869 5.0
616 0.41721236699171027 0.43072192267161297 0.5977004556827535 0.5321340352165722 5.0
617 0.40085498590548296 0.37946709239101944 0.6715294685758946 0.4943360991281108 5.0
618 0.4267068647032031 0.39968659859447014 0.5544184968722478 0.5922769663299954 5.0
619 0.4527332685141803 0.4212296542281963 0.5744511913951085 0.5362872315131154 5.0
620 0.410123195029372 0.3927115089104174 0.568227441117052 0.5955620965355082 5.0
621 0.46750130237023774 0.39170560799949855 0.5902191498988887 0.5288200110023334 5.0
622 0.4838804063886413 0.406532003655186 0.5735944464805868 0.5211342372977354 5.0
623 0.26825680313034805 0.4095132625610985 0.5814824260786817 0.532008507860996 5.0
624 0.43869028616833955 0.4273053358333021 0.5921866537390584 0.5237136144146589 5.0
625 0.4999939293900604 0.40078341749325647 0.37566706661649085 0.5190187729940546 5.0
626 0.4539892980702431 0.4307182696625398 0.5485839847421706 0.5544646977950874 5.0
627 0.4649693017756122 0.3707998791671414 0.6087745987003116 0.5250756954889527 5.0
628 0.44171451193283623 0.41210294075935977 0.6026044327153832 0.5214665414359727 5.0
629 0.40865722043991143 0.38314816128988477 0.6539729404878565 0.5084448404617482 5.0
630 0.4535887908136243 0.4238424504578607 0.5565591770497553 0.5521382693490908 5.0
631 0.39311305017569714 0.39428396230579277 0.5866076614385058 0.5507870901127394 5.0
632 0.454516836136922 0.586552876573539 0.5134135125262973 0.5770916370132942 5.0
633 0.48680446865320975 0.3882864501615457 0.6046960651769149 0.33756639859844245 5.0
634 0.43668023488987945 0.38809148286427186 0.6392773843347932 0.5000197988708002 5.0
635 0.43117858424499755 0.40109732830868927 0.5689761363239183 0.5739966184621796 5.0
636 0.43402205945797023 0.4164418742126853 0.6061961227578547 0.5203145952781182 5.0
637 0.4539892980702431 0.4307182696625398 0.5485839847421706 0.5544646977950874 5.0
638 0.49336382140371476 0.33945998041645226 0.6161236344948823 0.5116158015956914 5.0
639 0.5576410614331361 0.3946576045031329 0.5459850231721393 0.48495584982892287 5.0
640 0.5062794823732041 0.4242405160459007 0.5673047048852646 0.491799188783462 5.0
641 0.4020826593989379 0.4183687757873701 0.6267465790957811 0.5703061428215236 5.0
642 0.40766251398257414 0.3850872824902606 0.6251951746919541 0.5428167767300225 5.0
643 0.42883608077919433 0.40918023749163196 0.5991114059157786 0.5382719316199307 5.0
644 0.408620671694711 0.3969394480373812 0.6262542857973703 0.5322347139899541 5.0
645 0.5986245656171594 0.44490437156459045 0.5517633450091541 0.5056952803521044 5.0
646 0.43370640436250685 0.43715712456380496 0.5636324387242939 0.5505550628917664 5.0
647 0.408620671694711 0.3969394480373812 0.6262542857973703 0.5322347139899541 5.0
648 0.504135130727846 0.39337026494074323 0.5763494053066047 0.508850633908606 5.0
649 0.4594628977830246 0.40625873290418457 0.5613074832095057 0.5440822173083448 5.0
650 0.49589490041999523 0.42914118156985964 0.5681195478949868 0.49715819747628 5.0
651 0.49765284482126926 0.3897344388960586 0.590932895847406 0.5223609882161857 5.0
652 0.42890870586126806 0.41383700143655344 0.5527462238031167 0.5824498865566112 5.0
653 0.4644632821508204 0.4085339180262941 0.5915229733121068 0.5171793396876727 5.0
654 0.5497433885955489 0.3962106677699534 0.5516387980888617 0.48630643619414166 5.0
655 0.4573775594091844 0.409716003929162 0.7246466535268961 0.5493291425232819 5.0
656 0.4651606206099165 0.42387770753160664 0.5703933203196729 0.5278302248130985 5.0
657 0.420469451425176 0.3975416645404519 0.48564396716374114 0.6552221016800956 5.0
658 0.43441692040821916 0.4169512621353274 0.6182960340707396 0.5051174106276591 5.0
659 0.5098951059229405 0.40228797555715934 0.5730486850440206 0.4997865246755603 5.0
660 0.5125573776228951 0.35253325129475643 0.58774057682543 0.5172680695043913 5.0
661 0.5217190343061211 0.4008729075908617 0.562297934460708 0.5009303285922684 5.0
662 0.48404388674638793 0.3967521823208801 0.5690611684195275 0.5333466116176904 5.0
663 0.45067282843263085 0.3942936103800368 0.6006783375206067 0.5297283127788134 5.0
664 0.48997704257526586 0.41333234613224645 0.5728256307543614 0.5108323268361911 5.0
665 0.43182369784062596 0.41193125160140065 0.5846349686478833 0.5495842895966364 5.0
666 0.5296954399850134 0.3982575700455581 0.5630319429416253 0.4937698654108699 5.0
667 0.4413660602342135 0.42494487504041795 0.5862528835170869 0.5300239717391213 5.0
668 0.5037368164957399 0.3595331713451249 0.5726867480677278 0.5376011597800597 5.0
669 0.4317592714287349 0.4191249932966217 0.6017974599244905 0.5251266406857169 5.0
670 0.5004905653872991 0.4216063040377838 0.5451191664087256 0.5240252024165992 5.0
671 0.4538311227150592 0.39136107923093433 0.5773088442866304 0.5546064514832316 5.0
672 0.4267068647032031 0.39968659859447014 0.5544184968722478 0.5922769663299954 5.0
673 0.4087564900505482 0.38559055873972564 0.5753597881202942 0.5943056175626413 5.0
674 0.5005082364415917 0.3617924034952131 0.5990301712632229 0.5096671619239745 5.0
675 0.5005082364415917 0.3617924034952131 0.5990301712632229 0.5096671619239745 5.0
676 0.3361133695915254 0.39671491075215964 0.6128191328459366 0.5336847572784957 5.0
677 0.4085010943737271 0.38960661178589956 0.7469844194135786 0.5622403094489026 5.0
678 0.43763355992066405 0.40303986760378824 0.5995443369463154 0.5353338401303342 5.0
679 0.42617676721097125 0.40918849246825756 0.5903460253195323 0.5499360972973045 5.0
680 0.5719729429513345 0.40725543856329066 0.6131118964507972 0.5228025632097312 5.0
681 0.42787117221347754 0.4202389384083625 0.620112110228865 0.5057533641821685 5.0
682 0.47081834543568696 0.40895158343012716 0.6193280949803989 0.47699203219670677 5.0
683 0.4820494159001467 0.41495421846573427 0.5675681333653798 0.5279993484534269 5.0
684 0.438001532146731 0.39110026333568193 0.6268319031487845 0.512129873226264 5.0
685 0.40317110176777093 0.40191627461362117 0.6467444658828182 0.5075805027284028 5.0
686 0.43227320794818197 0.4448557249193961 0.5724824895084182 0.6212609061560252 5.0
687 0.5120220313621263 0.34678135810201666 0.5891339195259906 0.5200936011302832 5.0
688 0.38184843735898955 0.3676401086160606 0.6139784831707024 0.5848614738779369 5.0
689 0.39016453341444973 0.3843445175922155 0.6189979909576652 0.5629319815507611 5.0
690 0.4216686686770579 0.40261642673201664 0.6158820826734669 0.5298913162370685 5.0
691 0.4407556192021226 0.39377052082574554 0.6088927389820927 0.5290830686057338 5.0
692 0.47095260320958793 0.40943852222459626 0.5890993071716724 0.5133475901750263 5.0
693 0.3937751159277061 0.37581229040242964 0.6809921415267612 0.48985302248470125 5.0
694 0.43107830812894404 0.4380854946055447 0.5688486731574466 0.5465013986477208 5.0
695 0.4239120099832697 0.4031589421250554 0.5887118469631262 0.557834954463966 5.0
696 0.43568839240392787 0.43146292047925505 0.5822158378788331 0.5338914600356905 5.0
697 0.44341562042186405 0.38773024077489404 0.357061419437129 0.5889855098463115 5.0
698 0.4130270200730831 0.42033601904100326 0.6183518093126843 0.5199686064620054 5.0
699 0.47164757908070404 0.4215883314097558 0.5775080309533042 0.5160390626211222 5.0
700 0.4413549542770216 0.41565753104589015 0.5956363448795698 0.5269269075293738 5.0
701 0.4295968259857965 0.4066078822866432 0.6147204323907179 0.5217618107591522 5.0
702 0.4211852127672915 0.3805081193311353 0.6402504799688468 0.5175866213194803 5.0
703 0.43229203323403537 0.4049132631009867 0.6011598499969426 0.5364472780422583 5.0
704 0.43752751342540214 0.4198473156608894 0.5832375920291474 0.5404921995479416 5.0
705 0.3897717722542196 0.3915508366224515 0.5615408340156841 0.58403855098514 5.0
706 0.44425221007038773 0.4215495318542902 0.6415557198647774 0.5308460539794507 5.0
707 0.49677119694185146 0.39768906855350195 0.5721472206353077 0.5174063592200052 5.0
708 0.44587536458233434 0.4109510790872426 0.5836272444762519 0.5400866683789357 5.0
709 0.4031272979752121 0.4003375578310835 0.6520068484058684 0.6747063334126477 5.0
710 0.47120735333917946 0.4203852921496738 0.5777787165175677 0.5171185464113924 5.0
711 0.42834674450120996 0.3872164761736743 0.5872271067541287 0.5672272843825769 5.0
712 0.4265806103716107 0.4684628313397484 0.5526730553741137 0.5414093205436828 5.0
713 0.41903711647082625 0.4043282957141876 0.6731372638430143 0.4558648355934199 5.0
714 0.5233950376009554 0.43061920787890084 0.5874003509348098 0.5103225963799406 5.0
715 0.5033972361336609 0.40339995711871784 0.577591516490996 0.5002476759838463 4.0
716 0.5389337612406987 0.40194570579510774 0.7190813487126111 0.4918690740027045 4.0
717 0.5033304699189564 0.33453726547789525 0.577267762554491 0.5490948792085631 4.0
718 0.42484144110822436 0.371663827698712 0.6124339129280362 0.5534441718846482 4.0
719 0.4812030553890824 0.42937111121272176 0.5684574085068872 0.5108231034847566 4.0
720 0.42787117221347754 0.4202389384083625 0.620112110228865 0.5057533641821685 4.0
721 0.43759886731813497 0.4044953212661127 0.5922730494233128 0.5423130104676815 4.0
722 0.47308484616745655 0.4232381501419081 0.5532867281995829 0.5393829743228559 4.0
723 0.39087659985897183 0.40577242408664255 0.6400621654590024 0.5223836213755859 4.0
724 0.5260197893216048 0.400361529196505 0.5583371210707982 0.5012718687657062 4.0
725 0.48404388674638793 0.3967521823208801 0.5690611684195275 0.5333466116176904 4.0
726 0.44797593659142765 0.4523093867778956 0.5598898277491916 0.5303368360302889 4.0
727 0.5214926919042255 0.40431618378060885 0.5535829859447523 0.5080547937930135 4.0
728 0.5235981373626946 0.3924203541281466 0.56876508709494 0.49835482531840947 4.0
729 0.5125573776228951 0.35253325129475643 0.58774057682543 0.5172680695043913 4.0
730 0.44666975809235593 0.45778935679504495 0.5827108374441793 0.501361258910178 4.0
731 0.5845943839408395 0.3365244108892388 0.549906274902618 0.49254828795074235 4.0
732 0.5033972361336609 0.40339995711871784 0.577591516490996 0.5002476759838463 4.0
733 0.40766251398257414 0.2582555776107388 0.6251951746919541 0.5428167767300225 4.0
734 0.42907400898234965 0.4591016486026007 0.587088301918191 0.528985994659808 4.0
735 0.5576410614331361 0.3946576045031329 0.5459850231721393 0.48495584982892287 4.0
736 0.5114689727959841 0.399186518407561 0.5698238473140584 0.5043316333731956 4.0
737 0.4170924850671488 0.445337789693472 0.5786577291475697 0.5411684991471888 4.0
738 0.5361108275351316 0.39506753806170414 0.5508975070633008 0.5030096993904798 4.0
739 0.5151955087063138 0.3372088433137992 0.5841032398999864 0.5288546009425944 4.0
740 0.5116960670339447 0.40416500116920806 0.568496401230962 0.5016269815304318 4.0
741 0.4941810715031427 0.34991298144025057 0.5582429700223711 0.5001562711865716 4.0
742 0.5608139991649563 0.3414962614366435 0.5562703945347964 0.49385397924711855 4.0
743 0.454516836136922 0.44360596627278137 0.5134135125262973 0.5770916370132942 4.0
744 0.4288370960744517 0.42660758478533833 0.5852285578695567 0.5400113412586541 4.0
745 0.44277706125181043 0.4199744948231655 0.7348018158090683 0.5301137215684798 4.0
746 0.4454348102968943 0.41961008767959934 0.5925156099686069 0.5238706481917252 4.0
747 0.425022494665566 0.4045340689634644 0.6153096031559816 0.5264049376099642 4.0
748 0.4085010943737271 0.38960661178589956 0.6043338302453214 0.5622403094489026 4.0
749 0.5246446289267211 0.39913474594838266 0.5513014832975114 0.511376712834117 4.0
750 0.4374175741948459 0.398622703024749 0.5986305320344271 0.5398215376723293 4.0
751 0.4626914843844653 0.43142658976335885 0.5706733710538221 0.5235643145720736 4.0
752 0.46283305442882683 0.41823998245578714 0.5832411006410732 0.5202794434978718 4.0
753 0.5015661876254881 0.396032978584243 0.571437575355759 0.5148284537358611 4.0
754 0.5082067952262379 0.587941297618136 0.5837391428647525 0.49801165543951853 4.0
755 0.41336639684843546 0.4271227247611553 0.5979246041444425 0.5377551187184183 4.0
756 0.46500793066463914 0.3955926627568563 0.5837624161707197 0.5352527543679286 4.0
757 0.4223109901711945 0.3998642973655152 0.6363457568767329 0.5067800794999601 4.0
758 0.45793763711784885 0.4241992233236212 0.5838511221118435 0.519101152619891 4.0
759 0.43439690286358973 0.4106365528971898 0.5900724985575206 0.5426706170904401 4.0
760 0.41882787821876966 0.4021909809879854 0.6805667716598713 0.5696309807451 4.0
761 0.48517607950331193 0.38877768643726973 0.6028309247669237 0.5000509559544262 4.0
762 0.45978470587201675 0.3972691716255162 0.5892853988726819 0.5324640346517532 4.0
763 0.4562930080574319 0.3840659305230918 0.6028437403681547 0.5299712034707782 4.0
764 0.43078407886932923 0.41255102162416246 0.6066272164017897 0.5255760194968752 4.0
765 0.4188028703844468 0.40054864578587634 0.5284834285666383 0.6203790807621576 4.0
766 0.42984082176247307 0.43884064738082956 0.5832429761766779 0.5314916602294971 4.0
767 0.45175288110245093 0.42237482249784225 0.5642130764075018 0.5469757290285681 4.0
768 0.5077960965827156 0.4012989715315207 0.5105632560136336 0.5660630895508539 4.0
769 0.4654403980801933 0.4165888459355212 0.5738077305029756 0.5296826008961273 4.0
770 0.46261259099012764 0.33519523940190693 0.6188885562790278 0.5390832004863069 4.0
771 0.48310560039530687 0.37869180905261013 0.58200686303834 0.5333568261487072 4.0
772 0.4609176530716908 0.44407818901440216 0.579610419427743 0.5353407071317884 4.0
773 0.4505813831715714 0.3936773149732986 0.5967977392393525 0.5346279521811458 4.0
774 0.4430795677837143 0.3958930551804111 0.6100698226736685 0.5241793556936742 4.0
775 0.42577830003313577 0.42996225291454787 0.5817485396491026 0.5435199507889991 4.0
776 0.39016453341444973 0.3843445175922155 0.6189979909576652 0.5629319815507611 4.0
777 0.4553300454058603 0.5536406279393078 0.5850663894230294 0.5328770069446755 4.0
778 0.44277706125181043 0.4199744948231655 0.5886844145482821 0.39771680525273023 4.0
779 0.4252476843957667 0.40883007632409535 0.6741839731705217 0.44440785988648085 4.0
780 0.29481274618931785 0.4154806268122802 0.5861573573460274 0.5130714514344926 4.0
781 0.4258348784690376 0.40783519788030903 0.6309601575943913 0.5042066909290772 4.0
782 0.4241704177909193 0.4186683038945477 0.5987522940334002 0.5350626116398719 4.0
783 0.43107830812894404 0.4380854946055447 0.5688486731574466 0.5465013986477208 4.0
784 0.4215270883775901 0.4475147467005209 0.5702770128221041 0.5448206988507117 4.0
785 0.4815485855856989 0.37968089742684835 0.5638157067202081 0.5805228423779002 4.0
786 0.44952910985757155 0.4060813550015883 0.5955067561263855 0.5276298095431712 4.0
787 0.4923181924317067 0.2736765026312127 0.585092243598038 0.5075629492819643 4.0
788 0.47538555531939986 0.40438245188716404 0.5789606906334358 0.5246788780774833 4.0
789 0.40715072146840775 0.3833113504120921 0.6589052532296337 0.5031347393287466 4.0
790 0.45981485558110835 0.40388749840193805 0.5683866718342374 0.5498925154089187 4.0
791 0.46649339790810196 0.398904356385545 0.5863861649452222 0.5285929338589592 4.0
792 0.4448511709753549 0.3738970350936037 0.6989164302536153 0.4830117762062678 4.0
793 0.42587818331063176 0.40154109038991703 0.6065371291637586 0.5380569083789357 4.0
794 0.44356624374468157 0.39701144059474514 0.5956284996989708 0.5393121487538289 4.0
795 0.42736616205723693 0.3924434151661856 0.6382507107224186 0.5059469929582505 4.0
796 0.4131335786843213 0.3932815427203108 0.5667293615967928 0.5201720371962414 4.0
797 0.4698392582117926 0.44202023542760305 0.5982017393367106 0.5258248132356517 4.0
798 0.4160514805557321 0.4294547469449845 0.5932925881169993 0.5389561120715075 4.0
799 0.48039932031901905 0.4153924147811078 0.5726455667694129 0.5184039830466992 4.0
800 0.4315394010895573 0.417208501624732 0.598938511476191 0.5300787403301481 4.0
801 0.434828828056429 0.418587027020658 0.6361978554475644 0.5279663582690298 4.0
802 0.48003339695308694 0.4121325127019355 0.583850997128387 0.5087560741021745 4.0
803 0.4327567248267615 0.43909946353379303 0.5925429338269403 0.544648851771818 4.0
804 0.44307987949585903 0.4139050197462632 0.5980884522719057 0.5240735237290439 4.0
805 0.5212322763296342 0.406532003655186 0.5735944464805868 0.5211342372977354 4.0
806 0.44302807032092173 0.4406488215138034 0.5625130461620104 0.5414183390907189 4.0
807 0.4869736662596546 0.40177032761032555 0.564913866429873 0.5313281243608077 4.0
808 0.42116623227560324 0.36587873622796474 0.6349376151108966 0.5344211635819515 4.0
809 0.5082067952262379 0.39109954924519014 0.5837391428647525 0.49801165543951853 4.0
810 0.44659528091182443 0.4243724050770801 0.5701225324528922 0.5435264619739172 4.0
811 0.4454133550070855 0.4068889177325013 0.5842757227560629 0.5428353632600645 4.0
812 0.42365808325193405 0.3755594555281098 0.6264952329769665 0.5356982797395037 4.0
813 0.47095260320958793 0.40943852222459626 0.5890993071716724 0.5133475901750263 4.0
814 0.4283306337553595 0.40504455482042684 0.5634913206498634 0.5787480525663365 4.0
815 0.420147171392066 0.44972778694458104 0.6021947087233499 0.5085103782685024 4.0
816 0.47120735333917946 0.4203852921496738 0.5777787165175677 0.5171185464113924 4.0
817 0.49559053266941777 0.3889440598686142 0.5566618975546825 0.5415164577666896 4.0
818 0.45361374661906917 0.45266316783582744 0.5292670170156637 0.556063890270161 4.0
819 0.2234201407231188 0.37378617748765725 0.6141190364091192 0.5528809810807307 4.0
820 0.4394278733601268 0.4319578338648335 0.6171367342855323 0.48934428071898983 4.0
821 0.4422822501119139 0.42167137680573463 0.570361734008918 0.5488780862787648 4.0
822 0.42270410894492855 0.3844664133286731 0.6150204933659433 0.5433751982223439 4.0
823 0.4014853662044875 0.38889111106658053 0.6050871770206879 0.5669591807724643 4.0
824 0.44336091839232267 0.38497976434300224 0.5565221255354084 0.5877965641940025 4.0
825 0.43349960922697484 0.40791689077589277 0.5922190885218898 0.7144323871326366 4.0
826 0.43832119371626277 0.4050644758634859 0.5960091855181311 0.5371874461587911 4.0
827 0.5266433202523363 0.40922816220524333 0.6120017083261624 0.5311407035409652 4.0
828 0.4256043666908361 0.4034004413405961 0.613424990452168 0.5289979093235269 4.0
829 0.434733665708265 0.43274815984821635 0.5725403840211696 0.5439974068989013 4.0
830 0.41941048364487266 0.43731748694190586 0.5884051515453786 0.5353761663152836 4.0
831 0.3963359484619959 0.39073013888634567 0.5928189397006194 0.5128347271894688 4.0
832 0.4297122247756198 0.42076622770347044 0.5967521959234381 0.5312155891567311 4.0
833 0.4085010943737271 0.38960661178589956 0.6043338302453214 0.5622403094489026 4.0
834 0.44441229434972085 0.4158161721092774 0.5985879262426379 0.5208522997930828 4.0
835 0.4444937009696314 0.40900610074744614 0.5725602298004203 0.554359218017144 4.0
836 0.43182369784062596 0.41193125160140065 0.5846349686478833 0.5495842895966364 4.0
837 0.46973468092541276 0.4262249346824227 0.5543961793129474 0.5388195532402955 4.0
838 0.42496568814009245 0.43062946184112855 0.5602126556665524 0.5657952022853027 4.0
839 0.3670340251246928 0.4771664703266903 0.6033540436281024 0.5230316262276614 4.0
840 0.4149857390757546 0.3947874859463356 0.36490371301488883 0.5980452115929328 4.0
841 0.6110741186012617 0.4238424504578607 0.5565591770497553 0.5521382693490908 4.0
842 0.42759636281457225 0.4075562710894472 0.619723623150591 0.5167222341960119 4.0
843 0.4836253241199244 0.3822599459672545 0.592236501795774 0.5188832291756149 4.0
844 0.5147087207066902 0.3480253306459935 0.5848521957231613 0.5214414743909681 4.0
845 0.41333377642711394 0.3825303062556587 0.6152549297353395 0.551622267042235 4.0
846 0.4250630577739945 0.39790030243822994 0.5539687575753464 0.5950759294962399 4.0
847 0.3995950741189625 0.3934529761458143 0.6511109243620327 0.5114421731518448 4.0
848 0.4199703899179042 0.4051746221471818 0.45289788395165 0.5257165185236538 4.0
849 0.470130304216391 0.3885512952200582 0.5878864641853788 0.5314084053417222 4.0
850 0.43396315682488784 0.4050649880093806 0.6087018065596619 0.5263843127397909 4.0
851 0.42502888861941623 0.38786974435749577 0.5950173368981094 0.5611255421397927 4.0
852 0.4972534841855207 0.18612031929314904 0.5749030340285922 0.5271104266509896 4.0
853 0.4439309096284502 0.41528822205616084 0.5842419540431236 0.5377010128628756 4.0
854 0.44341562042186405 0.38773024077489404 0.5533027355305743 0.5889855098463115 4.0
855 0.42731926486747945 0.4093145634305956 0.6115038995606548 0.5252835566233257 4.0
856 0.5172484505220316 0.4107831991139465 0.576822132288063 0.5268016054273388 4.0
857 0.4652106189896773 0.4195760791181706 0.596087374628389 0.5325744720105605 4.0
858 0.4051030275145202 0.3865237819919954 0.5955382315053701 0.5760426354608056 4.0
859 0.43346323613498017 0.2499488510313538 0.5892011501130068 0.5436669071135054 4.0